<DATE>,<TIME>,<OPEN>,<HIGH>,<LOW>,<CLOSE>,<VOL>
20220904,230000,140.1500000,140.1520000,140.0100000,140.1520000,45
20220905,000000,140.1520000,140.1520000,140.0120000,140.1110000,66
20220905,010000,140.1240000,140.1800000,140.0760000,140.1460000,6515
20220905,020000,140.1560000,140.4310000,140.1070000,140.3320000,60640
20220905,030000,140.3300000,140.5500000,140.2900000,140.5390000,67597
20220905,040000,140.5340000,140.5560000,140.2500000,140.3070000,132960
20220905,050000,140.3070000,140.3280000,140.0900000,140.1630000,137405
20220905,060000,140.1590000,140.3610000,140.0900000,140.2880000,121507
20220905,070000,140.2880000,140.3500000,140.2200000,140.3420000,89357
20220905,080000,140.3470000,140.4210000,140.2700000,140.3510000,83703
20220905,090000,140.3510000,140.4830000,140.3000000,140.3470000,120627
20220905,100000,140.3470000,140.4530000,140.2700000,140.3560000,150950
20220905,110000,140.3540000,140.5970000,140.3100000,140.5610000,157749
20220905,120000,140.5690000,140.5890000,140.4100000,140.5350000,127629
20220905,130000,140.5400000,140.5690000,140.3500000,140.4290000,131542
20220905,140000,140.4210000,140.5010000,140.3700000,140.4900000,112741
20220905,150000,140.4900000,140.5570000,140.4400000,140.5020000,95401
20220905,160000,140.5020000,140.6510000,140.4700000,140.5830000,121577
20220905,170000,140.5870000,140.6640000,140.5100000,140.6080000,84501
20220905,180000,140.6000000,140.6260000,140.4700000,140.5560000,74056
20220905,190000,140.5580000,140.5590000,140.4500000,140.4770000,48286
20220905,200000,140.4770000,140.5540000,140.4600000,140.5300000,36619
20220905,210000,140.5300000,140.5550000,140.4900000,140.5400000,13204
20220905,220000,140.5440000,140.5680000,140.5100000,140.5400000,17841
20220905,230000,140.5340000,140.5690000,140.5000000,140.5420000,21809
20220906,000000,140.5420000,140.6100000,140.5100000,140.5620000,28159
20220906,010000,140.5720000,140.6130000,140.5380000,140.5740000,23399
20220906,020000,140.5840000,140.5900000,140.4100000,140.4660000,46213
20220906,030000,140.4660000,140.5120000,140.3200000,140.4320000,62180
20220906,040000,140.4320000,140.4530000,140.2200000,140.2790000,117551
20220906,050000,140.2720000,140.4310000,140.2600000,140.4010000,96851
20220906,060000,140.4110000,140.5680000,140.3600000,140.4770000,95361
20220906,070000,140.4730000,140.6090000,140.4400000,140.5960000,72460
20220906,080000,140.5960000,140.9650000,140.5400000,140.9240000,110292
20220906,090000,140.9280000,141.0990000,140.8200000,141.0400000,103903
20220906,100000,141.0400000,141.2400000,140.9900000,141.1760000,139172
20220906,110000,141.1750000,141.7370000,141.1300000,141.5340000,197544
20220906,120000,141.5350000,141.8640000,141.4800000,141.6890000,145638
20220906,130000,141.6840000,141.8000000,141.5500000,141.6630000,109478
20220906,140000,141.6550000,141.8120000,141.5400000,141.7500000,119460
20220906,150000,141.7550000,142.1070000,141.6900000,141.9060000,141142
20220906,160000,141.9070000,142.4020000,141.8500000,142.3780000,172290
20220906,170000,142.3780000,142.5560000,142.2900000,142.5480000,217795
20220906,180000,142.5630000,142.9370000,142.5200000,142.6930000,252108
20220906,190000,142.7030000,142.9760000,142.5400000,142.9490000,148374
20220906,200000,142.9500000,143.0750000,142.8000000,142.9290000,99597
20220906,210000,142.9270000,142.9690000,142.8000000,142.9440000,78485
20220906,220000,142.9440000,142.9690000,142.8200000,142.8830000,78449
20220906,230000,142.8860000,142.8890000,142.7300000,142.8050000,73580
20220907,000000,142.8010000,142.8370000,142.7600000,142.7830000,46254
20220907,010000,142.7890000,142.8000000,142.6650000,142.7550000,17894
20220907,020000,142.7550000,143.6040000,142.7300000,143.3360000,79415
20220907,030000,143.3360000,143.3690000,143.0100000,143.1580000,124183
20220907,040000,143.1580000,143.3400000,142.9000000,143.0980000,186718
20220907,050000,143.0890000,143.3160000,143.0200000,143.1650000,155772
20220907,060000,143.1610000,143.7370000,143.1200000,143.6930000,189825
20220907,070000,143.6910000,144.0910000,143.5400000,144.0000000,185084
20220907,080000,144.0000000,144.3860000,143.8200000,143.9910000,192387
20220907,090000,143.9810000,144.1620000,143.7300000,144.1340000,150301
20220907,100000,144.1430000,144.2540000,143.8600000,144.0940000,163968
20220907,110000,144.1000000,144.2060000,143.8300000,143.8980000,193623
20220907,120000,143.8980000,144.1010000,143.8500000,144.0520000,153880
20220907,130000,144.0530000,144.1870000,144.0000000,144.1150000,121098
20220907,140000,144.1080000,144.7260000,144.0700000,144.6920000,164954
20220907,150000,144.6990000,144.9920000,144.6400000,144.9640000,202828
20220907,160000,144.9590000,144.9660000,144.5600000,144.8200000,192547
20220907,170000,144.8190000,144.9520000,144.6300000,144.8640000,179581
20220907,180000,144.8660000,144.8820000,144.1900000,144.4950000,218853
20220907,190000,144.4940000,144.5720000,144.2800000,144.3810000,139687
20220907,200000,144.3850000,144.4480000,144.1300000,144.3000000,104320
20220907,210000,144.2900000,144.3200000,143.8200000,143.9360000,125434
20220907,220000,143.9270000,144.1490000,143.9000000,144.1340000,94569
20220907,230000,144.1350000,144.1440000,143.6400000,143.7200000,89899
20220908,000000,143.7170000,143.8550000,143.6650000,143.7500000,50326
20220908,010000,143.7380000,143.8100000,143.6760000,143.7400000,13646
20220908,020000,143.7400000,144.1340000,143.6980000,144.0200000,62418
20220908,030000,144.0240000,144.3130000,143.9800000,144.0890000,81213
20220908,040000,144.0890000,144.5610000,143.9600000,144.3250000,136830
20220908,050000,144.3300000,144.3350000,143.9000000,144.1380000,139849
20220908,060000,144.1420000,144.2530000,144.0400000,144.1950000,87561
20220908,070000,144.2000000,144.3130000,143.9300000,144.0000000,121327
20220908,080000,143.9960000,144.0460000,143.6700000,144.0030000,104485
20220908,090000,143.9980000,144.1190000,143.5100000,143.7460000,129892
20220908,100000,143.7560000,143.8140000,143.4300000,143.6590000,151772
20220908,110000,143.6550000,143.9330000,143.5900000,143.8210000,170565
20220908,120000,143.8220000,144.1490000,143.4180000,144.0360000,189918
20220908,130000,144.0420000,144.1360000,143.8100000,143.8720000,104202
20220908,140000,143.8680000,143.9180000,143.5800000,143.6720000,106597
20220908,150000,143.6720000,143.7310000,143.2900000,143.4710000,129723
20220908,160000,143.4830000,144.1650000,143.3780000,144.1260000,291850
20220908,170000,144.1290000,144.4450000,143.7000000,143.9360000,332635
20220908,180000,143.9320000,144.2060000,143.8600000,143.9550000,198406
20220908,190000,143.9540000,144.0850000,143.8100000,144.0690000,129372
20220908,200000,144.0720000,144.2480000,143.9900000,144.1240000,128699
20220908,210000,144.1230000,144.1780000,143.8500000,144.0560000,104950
20220908,220000,144.0540000,144.0810000,143.8500000,144.0120000,80357
20220908,230000,144.0160000,144.0210000,143.9200000,144.0130000,57451
20220909,000000,144.0160000,144.1190000,143.9600000,144.1060000,38109
20220909,010000,144.0980000,144.1170000,144.0590000,144.1000000,40665
20220909,020000,144.1030000,144.1220000,143.8300000,143.9900000,60405
20220909,030000,143.9960000,144.0160000,143.7700000,143.8740000,67721
20220909,040000,143.8720000,143.9610000,143.6000000,143.7900000,151071
20220909,050000,143.7860000,143.8340000,143.5500000,143.6560000,146144
20220909,060000,143.6510000,143.7400000,143.4900000,143.7090000,134136
20220909,070000,143.7040000,143.7210000,143.0300000,143.1540000,176627
20220909,080000,143.1420000,143.2200000,142.4300000,142.8280000,211852
20220909,090000,142.8210000,142.9710000,142.6900000,142.9570000,141514
20220909,100000,142.9520000,143.1480000,142.6400000,142.6640000,177642
20220909,110000,142.6740000,142.7070000,142.1200000,142.3510000,227655
20220909,120000,142.3550000,142.4590000,141.8600000,141.9490000,181258
20220909,130000,141.9490000,142.2950000,141.9100000,142.0030000,138175
20220909,140000,142.0030000,142.0080000,141.4800000,141.6780000,189721
20220909,150000,141.6750000,142.6330000,141.6400000,142.5350000,186227
20220909,160000,142.5410000,142.8250000,142.1750000,142.3460000,226265
20220909,170000,142.3510000,142.7410000,142.1300000,142.5580000,281390
20220909,180000,142.5600000,142.6270000,142.2700000,142.4300000,225296
20220909,190000,142.4240000,142.5870000,142.3800000,142.4470000,146487
20220909,200000,142.4430000,142.7100000,142.4000000,142.5480000,109724
20220909,210000,142.5430000,142.6960000,142.5000000,142.6930000,79506
20220909,220000,142.6920000,142.7710000,142.6200000,142.6980000,77092
20220909,230000,142.6950000,142.7280000,142.5500000,142.6920000,68955
20220910,000000,142.6840000,142.7180000,142.4000000,142.5640000,32503
20220911,230000,142.5700000,142.5700000,142.4100000,142.4100000,12
20220912,000000,142.0070000,142.3000000,142.0070000,142.1300000,33
20220912,010000,142.1100000,142.4820000,142.0730000,142.3900000,6430
20220912,020000,142.4080000,142.6610000,142.3400000,142.6540000,53912
20220912,030000,142.6540000,142.7560000,142.4980000,142.5570000,52618
20220912,040000,142.5640000,142.9590000,142.4800000,142.8050000,128120
20220912,050000,142.7980000,142.8170000,142.3000000,142.5250000,119042
20220912,060000,142.5240000,142.8790000,142.5000000,142.8210000,97638
20220912,070000,142.8280000,143.0430000,142.6900000,142.9500000,99059
20220912,080000,142.9480000,143.2460000,142.8700000,143.1740000,108168
20220912,090000,143.1670000,143.3180000,142.9600000,143.2280000,110007
20220912,100000,143.2330000,143.4950000,142.9400000,142.9930000,159751
20220912,110000,142.9890000,143.0530000,142.6000000,142.7680000,218542
20220912,120000,142.7680000,142.9630000,142.5800000,142.6790000,170822
20220912,130000,142.6880000,142.7910000,142.4900000,142.7180000,146909
20220912,140000,142.7260000,142.8710000,142.5500000,142.5980000,119032
20220912,150000,142.6060000,142.7510000,142.3900000,142.5510000,128090
20220912,160000,142.5490000,142.6690000,142.2000000,142.5240000,190224
20220912,170000,142.5260000,142.8770000,142.4500000,142.5960000,185622
20220912,180000,142.5950000,142.7440000,142.3400000,142.3970000,161893
20220912,190000,142.3920000,142.4590000,142.2800000,142.4460000,124272
20220912,200000,142.4390000,142.4630000,142.1300000,142.2130000,95493
20220912,210000,142.2030000,142.4420000,142.1800000,142.4110000,100455
20220912,220000,142.4100000,142.8040000,142.3900000,142.7230000,92739
20220912,230000,142.7250000,142.8430000,142.6900000,142.8210000,62032
20220913,000000,142.8210000,142.8530000,142.7300000,142.8270000,36105
20220913,010000,142.8280000,142.8500000,142.7590000,142.8080000,38584
20220913,020000,142.8090000,142.8090000,142.5100000,142.7230000,63343
20220913,030000,142.7290000,142.7820000,142.5500000,142.5800000,60208
20220913,040000,142.5770000,142.7400000,142.4000000,142.4410000,150710
20220913,050000,142.4530000,142.7270000,142.3100000,142.3550000,155644
20220913,060000,142.3550000,142.5870000,142.2900000,142.5750000,127643
20220913,070000,142.5750000,142.5930000,142.3600000,142.4940000,110537
20220913,080000,142.4970000,142.5980000,142.4300000,142.5660000,74698
20220913,090000,142.5660000,142.5800000,142.3100000,142.3860000,99312
20220913,100000,142.3890000,142.4400000,142.0200000,142.3480000,169937
20220913,110000,142.3480000,142.4820000,142.1800000,142.2470000,184291
20220913,120000,142.2510000,142.4130000,142.1900000,142.2520000,139855
20220913,130000,142.2420000,142.3290000,142.1400000,142.2220000,125296
20220913,140000,142.2120000,142.2630000,142.0000000,142.0810000,109841
20220913,150000,142.0810000,142.0910000,141.8500000,142.0340000,148251
20220913,160000,142.0370000,144.4490000,141.5950000,144.4030000,384212
20220913,170000,144.4030000,144.6860000,143.7700000,144.1100000,411293
20220913,180000,144.1030000,144.2550000,143.8500000,144.2250000,288754
20220913,190000,144.2200000,144.3410000,144.1300000,144.3130000,207450
20220913,200000,144.3170000,144.4900000,144.2500000,144.2960000,171297
20220913,210000,144.3030000,144.4720000,144.1000000,144.4260000,157297
20220913,220000,144.4260000,144.4940000,144.2500000,144.4050000,132730
20220913,230000,144.4020000,144.5100000,144.3100000,144.4710000,87307
20220914,000000,144.4650000,144.5930000,144.4400000,144.5540000,45077
20220914,010000,144.5460000,144.7100000,144.5050000,144.6490000,13440
20220914,020000,144.6830000,144.9650000,144.6460000,144.8640000,77077
20220914,030000,144.8740000,144.9360000,144.2900000,144.4460000,126042
20220914,040000,144.4530000,144.6700000,144.0570000,144.4110000,178740
20220914,050000,144.4150000,144.8530000,144.3700000,144.5210000,153043
20220914,060000,144.5240000,144.5470000,144.3100000,144.3740000,107483
20220914,070000,144.3760000,144.5700000,144.1900000,144.4110000,96767
20220914,080000,144.4030000,144.4450000,143.6450000,143.8650000,166708
20220914,090000,143.8660000,143.9150000,143.5100000,143.8310000,149242
20220914,100000,143.8350000,143.8610000,143.5000000,143.6170000,180409
20220914,110000,143.6150000,143.6370000,143.2400000,143.3140000,256734
20220914,120000,143.3100000,143.4490000,142.8700000,143.3300000,240516
20220914,130000,143.3330000,143.7260000,143.0000000,143.0890000,212478
20220914,140000,143.0950000,143.2700000,142.8700000,143.2650000,165996
20220914,150000,143.2570000,143.4800000,143.1400000,143.3810000,169250
20220914,160000,143.3810000,143.5200000,142.8000000,143.0210000,253835
20220914,170000,143.0200000,143.0950000,142.5700000,142.8830000,256756
20220914,180000,142.8920000,142.9600000,142.5300000,142.6280000,211559
20220914,190000,142.6340000,142.9470000,142.5200000,142.9270000,148790
20220914,200000,142.9270000,142.9470000,142.8000000,142.9220000,81300
20220914,210000,142.9310000,143.1710000,142.8900000,143.1340000,83245
20220914,220000,143.1360000,143.1680000,143.0200000,143.1190000,81366
20220914,230000,143.1250000,143.2230000,143.0900000,143.1900000,67334
20220915,000000,143.1800000,143.2160000,143.1110000,143.1340000,36332
20220915,010000,143.0880000,143.1700000,142.9000000,143.1170000,10883
20220915,020000,143.1210000,143.1440000,142.8830000,143.0400000,90156
20220915,030000,143.0470000,143.0870000,142.7700000,142.9190000,62846
20220915,040000,142.9170000,143.2750000,142.8800000,143.1370000,128212
20220915,050000,143.1270000,143.1920000,142.8900000,142.9720000,141567
20220915,060000,142.9610000,143.4380000,142.9400000,143.2980000,134274
20220915,070000,143.2970000,143.4930000,143.2800000,143.4040000,110644
20220915,080000,143.4140000,143.5740000,143.2700000,143.4920000,88171
20220915,090000,143.4910000,143.7000000,143.4600000,143.5850000,94239
20220915,100000,143.5850000,143.7710000,143.5100000,143.6740000,143750
20220915,110000,143.6740000,143.8020000,143.4700000,143.5560000,170615
20220915,120000,143.5630000,143.6790000,143.3000000,143.4250000,161091
20220915,130000,143.4300000,143.4980000,143.1900000,143.3030000,146422
20220915,140000,143.3000000,143.6160000,143.2300000,143.4780000,149463
20220915,150000,143.4790000,143.5350000,143.2600000,143.5050000,138170
20220915,160000,143.5090000,143.7240000,143.1200000,143.3200000,248367
20220915,170000,143.3170000,143.5670000,143.2100000,143.2590000,242152
20220915,180000,143.2590000,143.5280000,143.1300000,143.4590000,220318
20220915,190000,143.4690000,143.5960000,143.3200000,143.5710000,166776
20220915,200000,143.5720000,143.6060000,143.4200000,143.4970000,121372
20220915,210000,143.4980000,143.5000000,143.3000000,143.3910000,91905
20220915,220000,143.3910000,143.4870000,143.3500000,143.4860000,89079
20220915,230000,143.4870000,143.5560000,143.4000000,143.4560000,74067
20220916,000000,143.4550000,143.5260000,143.4000000,143.4790000,39675
20220916,010000,143.5090000,143.5250000,143.4260000,143.4630000,13889
20220916,020000,143.4720000,143.5300000,143.3200000,143.3510000,69837
20220916,030000,143.3570000,143.4110000,143.2700000,143.3330000,53316
20220916,040000,143.3290000,143.3980000,142.8100000,143.0020000,134324
20220916,050000,143.0020000,143.3080000,142.8300000,143.2200000,109290
20220916,060000,143.2270000,143.4960000,143.1500000,143.4360000,88193
20220916,070000,143.4450000,143.4740000,143.3100000,143.3580000,84539
20220916,080000,143.3640000,143.3940000,143.1900000,143.2800000,68813
20220916,090000,143.2750000,143.6270000,143.2400000,143.5340000,88424
20220916,100000,143.5400000,143.6930000,143.4200000,143.5840000,140880
20220916,110000,143.5740000,143.6060000,143.2000000,143.4530000,171842
20220916,120000,143.4430000,143.4950000,143.2300000,143.3580000,135156
20220916,130000,143.3560000,143.3840000,143.1200000,143.3150000,113648
20220916,140000,143.3080000,143.3570000,143.1200000,143.2060000,101360
20220916,150000,143.2030000,143.2660000,142.9200000,143.0780000,104604
20220916,160000,143.0680000,143.3180000,143.0300000,143.2960000,144551
20220916,170000,143.2960000,143.3580000,143.0500000,143.1430000,177250
20220916,180000,143.1250000,143.1590000,142.8400000,142.9500000,220736
20220916,190000,142.9600000,143.0940000,142.8400000,143.0380000,147740
20220916,200000,143.0360000,143.0630000,142.8700000,143.0210000,80520
20220916,210000,143.0290000,143.0540000,142.9100000,143.0270000,64574
20220916,220000,143.0370000,143.0410000,142.8500000,142.9510000,66286
20220916,230000,142.9610000,142.9870000,142.8200000,142.9050000,64476
20220917,000000,142.8950000,142.9890000,142.8690000,142.8820000,30894
20220917,010000,142.8730000,142.9100000,142.8730000,142.9060000,3
20220918,230000,142.9170000,142.9210000,142.9120000,142.9170000,31
20220919,000000,142.9170000,142.9170000,142.8860000,142.8880000,65
20220919,010000,142.9240000,142.9700000,142.8710000,142.9230000,2595
20220919,020000,142.9170000,143.1250000,142.7800000,142.8460000,52604
20220919,030000,142.8460000,142.9570000,142.6100000,142.7590000,105696
20220919,040000,142.7550000,142.9940000,142.6600000,142.9330000,121205
20220919,050000,142.9290000,143.1370000,142.8800000,143.1310000,106848
20220919,060000,143.1300000,143.2140000,143.0400000,143.0660000,103588
20220919,070000,143.0660000,143.2000000,143.0300000,143.1660000,84398
20220919,080000,143.1660000,143.2330000,143.1000000,143.2170000,77697
20220919,090000,143.2250000,143.3000000,143.2000000,143.2440000,98340
20220919,100000,143.2410000,143.3680000,143.1900000,143.2920000,121348
20220919,110000,143.2930000,143.5460000,143.2100000,143.5060000,162414
20220919,120000,143.5100000,143.5390000,143.3300000,143.4670000,128754
20220919,130000,143.4700000,143.5010000,143.3900000,143.4940000,122855
20220919,140000,143.4900000,143.5720000,143.3600000,143.4300000,137919
20220919,150000,143.4380000,143.6450000,143.3900000,143.6240000,143840
20220919,160000,143.6200000,143.6450000,143.3600000,143.4730000,169072
20220919,170000,143.4750000,143.5420000,143.2700000,143.5080000,193614
20220919,180000,143.5080000,143.5870000,143.2600000,143.3000000,189954
20220919,190000,143.3020000,143.3730000,143.1400000,143.3400000,137761
20220919,200000,143.3430000,143.3490000,143.1700000,143.2340000,93891
20220919,210000,143.2290000,143.3610000,143.1300000,143.3540000,83457
20220919,220000,143.3570000,143.3900000,143.2300000,143.2610000,79563
20220919,230000,143.2610000,143.2770000,143.1200000,143.1710000,94683
20220920,000000,143.1680000,143.2750000,143.1500000,143.1930000,58464
20220920,010000,143.1850000,143.2500000,143.1520000,143.2350000,17440
20220920,020000,143.2450000,143.2760000,143.1700000,143.2270000,64489
20220920,030000,143.2250000,143.3410000,143.1700000,143.1820000,71380
20220920,040000,143.1790000,143.2620000,142.9100000,143.1800000,170197
20220920,050000,143.1800000,143.2460000,142.9200000,143.2350000,129987
20220920,060000,143.2320000,143.2980000,143.0400000,143.0900000,101326
20220920,070000,143.0790000,143.2170000,143.0500000,143.1850000,81385
20220920,080000,143.1960000,143.3830000,143.1600000,143.2950000,81520
20220920,090000,143.3050000,143.3530000,143.1800000,143.2790000,82198
20220920,100000,143.2790000,143.4520000,143.2300000,143.3870000,136853
20220920,110000,143.3870000,143.5560000,143.3400000,143.4620000,170466
20220920,120000,143.4660000,143.7510000,143.4300000,143.6530000,164538
20220920,130000,143.6600000,143.8180000,143.6000000,143.6870000,148755
20220920,140000,143.6770000,143.7430000,143.5100000,143.6180000,119473
20220920,150000,143.6160000,143.6570000,143.4500000,143.6250000,127967
20220920,160000,143.6240000,143.7280000,143.4700000,143.6810000,190811
20220920,170000,143.6800000,143.9240000,143.5800000,143.7280000,211274
20220920,180000,143.7280000,143.8540000,143.6100000,143.7250000,183088
20220920,190000,143.7200000,143.7550000,143.5900000,143.6420000,118542
20220920,200000,143.6370000,143.7050000,143.5700000,143.5910000,93396
20220920,210000,143.6020000,143.6860000,143.5000000,143.6250000,102777
20220920,220000,143.6350000,143.7040000,143.5500000,143.6520000,93080
20220920,230000,143.6620000,143.7070000,143.6000000,143.6750000,72729
20220921,000000,143.6710000,143.7620000,143.6100000,143.7360000,55175
20220921,010000,143.7190000,143.7500000,143.6040000,143.7200000,39681
20220921,020000,143.7150000,143.7400000,143.6200000,143.6470000,59615
20220921,030000,143.6400000,143.7000000,143.5100000,143.5790000,81812
20220921,040000,143.5820000,143.7590000,143.4500000,143.7130000,184515
20220921,050000,143.7190000,143.8410000,143.6200000,143.6800000,160565
20220921,060000,143.6700000,143.7780000,143.6000000,143.7600000,113273
20220921,070000,143.7660000,143.8780000,143.7100000,143.8370000,109293
20220921,080000,143.8370000,144.0550000,143.7600000,144.0190000,110347
20220921,090000,144.0160000,144.0770000,143.8800000,143.9560000,150845
20220921,100000,143.9470000,143.9790000,143.3900000,143.6000000,309770
20220921,110000,143.6060000,143.7460000,143.3200000,143.7330000,255647
20220921,120000,143.7410000,143.8340000,143.6400000,143.7450000,172213
20220921,130000,143.7410000,143.9620000,143.7200000,143.8730000,145581
20220921,140000,143.8700000,143.9580000,143.8100000,143.9040000,147934
20220921,150000,143.9100000,144.2100000,143.8900000,144.0720000,184366
20220921,160000,144.0720000,144.1170000,143.9000000,143.9820000,194770
20220921,170000,143.9800000,144.0520000,143.9100000,144.0400000,188571
20220921,180000,144.0260000,144.0950000,143.8500000,144.0590000,169914
20220921,190000,144.0650000,144.2130000,144.0500000,144.1360000,146550
20220921,200000,144.1360000,144.3970000,144.1200000,144.3840000,116234
20220921,210000,144.3910000,144.4000000,144.0400000,144.2270000,114620
20220921,220000,144.2260000,144.7040000,143.3800000,143.4950000,560883
20220921,230000,143.4920000,144.0540000,143.4300000,143.8540000,366157
20220922,000000,143.8560000,144.1100000,143.8300000,144.0650000,103476
20220922,010000,144.0420000,144.0900000,143.9460000,144.0600000,45818
20220922,020000,144.0630000,144.4410000,144.0010000,144.3720000,62606
20220922,030000,144.3790000,144.5530000,144.1600000,144.2380000,100273
20220922,040000,144.2320000,144.4670000,144.1200000,144.4130000,170442
20220922,050000,144.4200000,144.4890000,144.2400000,144.4230000,176489
20220922,060000,144.4260000,145.3970000,143.4430000,144.5610000,241048
20220922,070000,144.5570000,144.9610000,144.2070000,144.8470000,238558
20220922,080000,144.8530000,144.9460000,144.6100000,144.7970000,177564
20220922,090000,144.7980000,145.0420000,144.7300000,144.9180000,167107
20220922,100000,144.9180000,145.6760000,144.8300000,145.6500000,299682
20220922,110000,145.6530000,145.9030000,145.5700000,145.7660000,359982
20220922,120000,145.7760000,145.8470000,140.6180000,142.0720000,676388
20220922,130000,142.0830000,143.3980000,141.8530000,143.1930000,362155
20220922,140000,143.2020000,143.2090000,142.3400000,142.4960000,277739
20220922,150000,142.5050000,142.8120000,141.2200000,141.2430000,396053
20220922,160000,141.2460000,141.4570000,140.3300000,140.7170000,473727
20220922,170000,140.7140000,142.0420000,140.7000000,141.8960000,404426
20220922,180000,141.8950000,142.1910000,141.1800000,142.0290000,336842
20220922,190000,142.0280000,142.3860000,141.8600000,142.1540000,215610
20220922,200000,142.1600000,142.4460000,142.1200000,142.3570000,166996
20220922,210000,142.3590000,142.3680000,142.0600000,142.3010000,134655
20220922,220000,142.2910000,142.5050000,142.2500000,142.4900000,113257
20220922,230000,142.4830000,142.4920000,142.2500000,142.3500000,113681
20220923,000000,142.3460000,142.4360000,142.2890000,142.3740000,67753
20220923,010000,142.3700000,142.4110000,142.2820000,142.3030000,45487
20220923,020000,142.2900000,142.5880000,142.2740000,142.4330000,70122
20220923,030000,142.4350000,142.5020000,142.2200000,142.2660000,91155
20220923,040000,142.2710000,142.4450000,142.0400000,142.1100000,142824
20220923,050000,142.1060000,142.1900000,141.7400000,142.1050000,173992
20220923,060000,142.1050000,142.1810000,141.9300000,142.0100000,118458
20220923,070000,142.0150000,142.2570000,141.8700000,142.2080000,118062
20220923,080000,142.2170000,142.3280000,142.1300000,142.2900000,112920
20220923,090000,142.2940000,142.3070000,142.0900000,142.1410000,120486
20220923,100000,142.1370000,142.3290000,142.0600000,142.2290000,176914
20220923,110000,142.2210000,142.4600000,142.0700000,142.2700000,277858
20220923,120000,142.2670000,142.8960000,142.2200000,142.8660000,231780
20220923,130000,142.8660000,143.2680000,142.2460000,142.5550000,333127
20220923,140000,142.5570000,143.1700000,142.5300000,143.1590000,316226
20220923,150000,143.1690000,143.1720000,142.3460000,142.7970000,333980
20220923,160000,142.7870000,143.0020000,142.6500000,142.9470000,287185
20220923,170000,142.9470000,143.2890000,142.7100000,143.0970000,344410
20220923,180000,143.0930000,143.3060000,143.0200000,143.2730000,307915
20220923,190000,143.2760000,143.3340000,143.1000000,143.1760000,195144
20220923,200000,143.1780000,143.2970000,143.0600000,143.1830000,142643
20220923,210000,143.1780000,143.3910000,143.1000000,143.3740000,123418
20220923,220000,143.3660000,143.4620000,143.2700000,143.3650000,123496
20220923,230000,143.3680000,143.3740000,143.2200000,143.2830000,129173
20220924,000000,143.2850000,143.3880000,143.2470000,143.2960000,60159
20220924,010000,143.3200000,143.3200000,143.3200000,143.3200000,1
20220925,220000,143.2900000,143.2900000,143.2900000,143.2900000,3
20220925,230000,143.3000000,143.6490000,143.3000000,143.6490000,49
20220926,000000,143.6490000,143.7690000,143.6480000,143.6500000,111
20220926,010000,143.6420000,143.7030000,143.4280000,143.4600000,5169
20220926,020000,143.4510000,143.4890000,143.1840000,143.4840000,75128
20220926,030000,143.4900000,143.5760000,143.3600000,143.5190000,115210
20220926,040000,143.5190000,144.0840000,143.3800000,143.7890000,220699
20220926,050000,143.7860000,144.0010000,143.6400000,143.7500000,228656
20220926,060000,143.7720000,144.0100000,143.6400000,143.9590000,135256
20220926,070000,143.9550000,144.1660000,143.8700000,143.9580000,143900
20220926,080000,143.9580000,144.2020000,143.9100000,144.1560000,123803
20220926,090000,144.1560000,144.2650000,143.4830000,143.8330000,180033
20220926,100000,143.8330000,144.0310000,143.6400000,143.9930000,256088
20220926,110000,143.9950000,144.0450000,143.6300000,143.8190000,309308
20220926,120000,143.8180000,143.8710000,143.5300000,143.8280000,226466
20220926,130000,143.8280000,144.0900000,143.7000000,144.0660000,170122
20220926,140000,144.0620000,144.2860000,143.9500000,144.2590000,174499
20220926,150000,144.2590000,144.3750000,144.0900000,144.2030000,194714
20220926,160000,144.1980000,144.2550000,143.7600000,143.8750000,257269
20220926,170000,143.8840000,144.1870000,143.8400000,144.1690000,213961
20220926,180000,144.1590000,144.3630000,144.1100000,144.3510000,216461
20220926,190000,144.3510000,144.5090000,144.1900000,144.4690000,249916
20220926,200000,144.4660000,144.6410000,144.4300000,144.5460000,169811
20220926,210000,144.5430000,144.7740000,144.5100000,144.7150000,154184
20220926,220000,144.7220000,144.7890000,144.4900000,144.6180000,112957
20220926,230000,144.6100000,144.6660000,144.4800000,144.5700000,142355
20220927,000000,144.5830000,144.7500000,144.4900000,144.7440000,82764
20220927,010000,144.7440000,144.7500000,144.5690000,144.6800000,30626
20220927,020000,144.6900000,144.7410000,144.5700000,144.6050000,105762
20220927,030000,144.6090000,144.6360000,144.4200000,144.4640000,73211
20220927,040000,144.4710000,144.4920000,144.2500000,144.4390000,155916
20220927,050000,144.4360000,144.6100000,144.3000000,144.5500000,179409
20220927,060000,144.5600000,144.6420000,144.4300000,144.4880000,134288
20220927,070000,144.4880000,144.5450000,144.2900000,144.4030000,128644
20220927,080000,144.4120000,144.5500000,144.3400000,144.5200000,112988
20220927,090000,144.5290000,144.5540000,144.3400000,144.3900000,132433
20220927,100000,144.3900000,144.4590000,144.1800000,144.3240000,197874
20220927,110000,144.3230000,144.3770000,144.0300000,144.2690000,261581
20220927,120000,144.2730000,144.4010000,144.2000000,144.3790000,178501
20220927,130000,144.3890000,144.5030000,144.3100000,144.4350000,161214
20220927,140000,144.4390000,144.4480000,144.2100000,144.2790000,147602
20220927,150000,144.2780000,144.4560000,144.2400000,144.4460000,129499
20220927,160000,144.4460000,144.7200000,144.3500000,144.6990000,214018
20220927,170000,144.7030000,144.7510000,144.4900000,144.6480000,259706
20220927,180000,144.6470000,144.8520000,144.5900000,144.6970000,277501
20220927,190000,144.6970000,144.8350000,144.5400000,144.7130000,203059
20220927,200000,144.7080000,144.8630000,144.6600000,144.8090000,139030
20220927,210000,144.8080000,144.9040000,144.7300000,144.8700000,125787
20220927,220000,144.8730000,144.8930000,144.7000000,144.7340000,105484
20220927,230000,144.7400000,144.8960000,144.7200000,144.8280000,103535
20220928,000000,144.8280000,144.8780000,144.7560000,144.7870000,54073
20220928,010000,144.7530000,144.8200000,144.7330000,144.7930000,18456
20220928,020000,144.7800000,144.8510000,144.7200000,144.7770000,47836
20220928,030000,144.7820000,144.8700000,144.6600000,144.7040000,83959
20220928,040000,144.7050000,144.8070000,144.5700000,144.7380000,127950
20220928,050000,144.7350000,144.8180000,144.3670000,144.7000000,167185
20220928,060000,144.7010000,144.8530000,144.5900000,144.6280000,152858
20220928,070000,144.6250000,144.7080000,144.5600000,144.6950000,109278
20220928,080000,144.7050000,144.7810000,144.6200000,144.6700000,99002
20220928,090000,144.6670000,144.7370000,144.6000000,144.6190000,114133
20220928,100000,144.6130000,144.8230000,144.5500000,144.8050000,152207
20220928,110000,144.7960000,144.8090000,144.4700000,144.5590000,212361
20220928,120000,144.5560000,144.7560000,144.5200000,144.7080000,193509
20220928,130000,144.7030000,144.8010000,144.6500000,144.7660000,158774
20220928,140000,144.7620000,144.8120000,144.4600000,144.6730000,328316
20220928,150000,144.6640000,144.8300000,144.6200000,144.7380000,213110
20220928,160000,144.7470000,144.7580000,144.4700000,144.5900000,272520
20220928,170000,144.5900000,144.6630000,144.2200000,144.4760000,273029
20220928,180000,144.4770000,144.6020000,144.2600000,144.5890000,256788
20220928,190000,144.5880000,144.6240000,144.1300000,144.1560000,204295
20220928,200000,144.1550000,144.3500000,144.0100000,144.2080000,159518
20220928,210000,144.2180000,144.2470000,143.8800000,144.1090000,141370
20220928,220000,144.1040000,144.1830000,143.9100000,143.9550000,98616
20220928,230000,143.9550000,144.1630000,143.9100000,144.0940000,93764
20220929,000000,144.1000000,144.1920000,144.0620000,144.1710000,72929
20220929,010000,144.1180000,144.2270000,144.0020000,144.0950000,56406
20220929,020000,144.0970000,144.2470000,144.0600000,144.2230000,52561
20220929,030000,144.2340000,144.4660000,144.1900000,144.4140000,82613
20220929,040000,144.4130000,144.4590000,144.2100000,144.2700000,145901
20220929,050000,144.2670000,144.3790000,144.1800000,144.2500000,149722
20220929,060000,144.2530000,144.3630000,144.1800000,144.3200000,109050
20220929,070000,144.3260000,144.4230000,144.2800000,144.3990000,91889
20220929,080000,144.4020000,144.5290000,144.3700000,144.4870000,106951
20220929,090000,144.4940000,144.6920000,144.4200000,144.6430000,162559
20220929,100000,144.6430000,144.7350000,144.5700000,144.6990000,209837
20220929,110000,144.6980000,144.8120000,144.4400000,144.6730000,265707
20220929,120000,144.6670000,144.7930000,144.5600000,144.7530000,207553
20220929,130000,144.7590000,144.7990000,144.6000000,144.7080000,193657
20220929,140000,144.7120000,144.7510000,144.6100000,144.6700000,156952
20220929,150000,144.6620000,144.7160000,144.5700000,144.7030000,155966
20220929,160000,144.7020000,144.7810000,144.6000000,144.7120000,232337
20220929,170000,144.7170000,144.7530000,144.4500000,144.5890000,262802
20220929,180000,144.5850000,144.6840000,144.4600000,144.5910000,229386
20220929,190000,144.5860000,144.6340000,144.4000000,144.4490000,176256
20220929,200000,144.4410000,144.5240000,144.2300000,144.5140000,131686
20220929,210000,144.5100000,144.6380000,144.4100000,144.6110000,90130
20220929,220000,144.6110000,144.6210000,144.3200000,144.4030000,96621
20220929,230000,144.4060000,144.4430000,144.3000000,144.4350000,108871
20220930,000000,144.4350000,144.5250000,144.3660000,144.4130000,87312
20220930,010000,144.4110000,144.5050000,144.3520000,144.4540000,27776
20220930,020000,144.4560000,144.4710000,144.2800000,144.4270000,76859
20220930,030000,144.4360000,144.4810000,144.3200000,144.4190000,83406
20220930,040000,144.4190000,144.7460000,144.3700000,144.6660000,145976
20220930,050000,144.6700000,144.7280000,144.5500000,144.6890000,126996
20220930,060000,144.6840000,144.7710000,144.6100000,144.6740000,122946
20220930,070000,144.6730000,144.7510000,144.6100000,144.7340000,93076
20220930,080000,144.7390000,144.7430000,144.4600000,144.5940000,93456
20220930,090000,144.5870000,144.6180000,144.4400000,144.4860000,114714
20220930,100000,144.4760000,144.5890000,144.4100000,144.4770000,178001
20220930,110000,144.4770000,144.4820000,144.2300000,144.3170000,231423
20220930,120000,144.3130000,144.3850000,144.1800000,144.2660000,199098
20220930,130000,144.2730000,144.4460000,144.2200000,144.4290000,141502
20220930,140000,144.4290000,144.5290000,144.3500000,144.4600000,153563
20220930,150000,144.4650000,144.6420000,144.4100000,144.6310000,128624
20220930,160000,144.6290000,144.7620000,144.4100000,144.5310000,229094
20220930,170000,144.5310000,144.6390000,144.4600000,144.5000000,222096
20220930,180000,144.5040000,144.7620000,144.4100000,144.7340000,243927
20220930,190000,144.7470000,144.7940000,144.5600000,144.7080000,181075
20220930,200000,144.7150000,144.7640000,144.6500000,144.7120000,100460
20220930,210000,144.7120000,144.7540000,144.6300000,144.7250000,80645
20220930,220000,144.7200000,144.7880000,144.6800000,144.7750000,83908
20220930,230000,144.7850000,144.8110000,144.6700000,144.7180000,122277
20221001,000000,144.7160000,144.8070000,144.6600000,144.6980000,61546
20221001,010000,144.7290000,144.7290000,144.7290000,144.7290000,1
20221002,220000,144.7100000,144.7100000,144.4930000,144.4950000,74
20221002,230000,144.4950000,144.5290000,144.4900000,144.4990000,86
20221003,000000,144.4990000,144.7320000,144.4990000,144.6700000,58
20221003,010000,144.7120000,144.7140000,144.6310000,144.6720000,2711
20221003,020000,144.6700000,144.7720000,144.6100000,144.7600000,43320
20221003,030000,144.7600000,144.8880000,144.7200000,144.7990000,97959
20221003,040000,144.8040000,144.8640000,144.4800000,144.7810000,116823
20221003,050000,144.7720000,144.8480000,144.7100000,144.7640000,149824
20221003,060000,144.7630000,144.8160000,144.7100000,144.8050000,69121
20221003,070000,144.8050000,144.8660000,144.7600000,144.8350000,80287
20221003,080000,144.8430000,145.3250000,144.6150000,144.9390000,156390
20221003,090000,144.9400000,144.9570000,144.7100000,144.7680000,136161
20221003,100000,144.7620000,145.1350000,144.7300000,144.9940000,159718
20221003,110000,145.0040000,145.0570000,144.8300000,145.0240000,178122
20221003,120000,145.0260000,145.0880000,144.9200000,145.0430000,161821
20221003,130000,145.0440000,145.2160000,145.0100000,145.1330000,124652
20221003,140000,145.1330000,145.1680000,145.0400000,145.1580000,110334
20221003,150000,145.1600000,145.1750000,144.8000000,144.8520000,132046
20221003,160000,144.8470000,144.9570000,144.7400000,144.9290000,177091
20221003,170000,144.9250000,144.9740000,144.7200000,144.8900000,176494
20221003,180000,144.8960000,144.9160000,144.3800000,144.4550000,247354
20221003,190000,144.4640000,144.5140000,144.1300000,144.5010000,183604
20221003,200000,144.4960000,144.6010000,144.3800000,144.5080000,108097
20221003,210000,144.5120000,144.6560000,144.4700000,144.6500000,83695
20221003,220000,144.6540000,144.7500000,144.6000000,144.7310000,92588
20221003,230000,144.7270000,144.7950000,144.6300000,144.6560000,76832
20221004,000000,144.6660000,144.7160000,144.5020000,144.5330000,46639
20221004,010000,144.5330000,144.6200000,144.4730000,144.5650000,18493
20221004,020000,144.5690000,144.6300000,144.4200000,144.5150000,41587
20221004,030000,144.5180000,144.5750000,144.4100000,144.5270000,77642
20221004,040000,144.5240000,144.7560000,144.3900000,144.6860000,123735
20221004,050000,144.6840000,144.8270000,144.6400000,144.8060000,106725
20221004,060000,144.8000000,144.9180000,144.7700000,144.8530000,88701
20221004,070000,144.8500000,144.8940000,144.6400000,144.7200000,134407
20221004,080000,144.7240000,144.8640000,144.7000000,144.8000000,110674
20221004,090000,144.7900000,144.8630000,144.6900000,144.8290000,116003
20221004,100000,144.8240000,144.8710000,144.5900000,144.6810000,154333
20221004,110000,144.6760000,144.7540000,144.4900000,144.6500000,193190
20221004,120000,144.6530000,144.7980000,144.5600000,144.7420000,135018
20221004,130000,144.7350000,144.8160000,144.6600000,144.7540000,128455
20221004,140000,144.7610000,144.7710000,144.5800000,144.7340000,142605
20221004,150000,144.7340000,144.8530000,144.6900000,144.8090000,117562
20221004,160000,144.8130000,144.9360000,144.6300000,144.7050000,176843
20221004,170000,144.7120000,144.8570000,144.6300000,144.6880000,174417
20221004,180000,144.6870000,144.6900000,144.3800000,144.4580000,211781
20221004,190000,144.4590000,144.4640000,144.3400000,144.3940000,19570
